StartChar: uniE083
Encoding: 57475 57475 64
Width: 1000
VWidth: 0
Flags: HW
LayerCount: 2
Fore
Refer: 19 57386 S 1 0 0 0.4875 0 410 2
Refer: 2 57363 N 1 0 0 0.487778 0 0.000131309 2
EndChar
