StartChar: uniE036
Encoding: 57398 57398 31
Width: 1000
VWidth: 0
Flags: HW
LayerCount: 2
Fore
Refer: 11 57377 S 1 0 0 0.525481 0 379.615 2
Refer: 0 57360 N 1 0 0 0.487656 0 0 2
EndChar
