StartChar: uniE065
Encoding: 57445 57445 54
Width: 1000
VWidth: 0
Flags: HW
LayerCount: 2
Fore
Refer: 15 57382 S 0.557143 0 0 1 44.2857 0 2
Refer: 1 57362 N 1 0 0 1 200 0 2
Refer: 2 57363 N 0.4875 0 0 1.00025 461.25 0.000269265 2
EndChar
