StartChar: uniE069
Encoding: 57449 57449 88
Width: 1000
VWidth: 0
Flags: HW
LayerCount: 2
Fore
Refer: 16 57383 S 0.56686 0 0 1 43.314 0 2
Refer: 2 57363 N 0.4875 0 0 1.00207 461.25 -1.45481 2
EndChar
