StartChar: uniE085
Encoding: 57477 57477 66
Width: 1000
VWidth: 0
Flags: HW
LayerCount: 2
Fore
Refer: 19 57386 S 1 0 0 0.4875 0 410 2
Refer: 1 57362 N 1 0 0 1 0 -200 2
Refer: 2 57363 N 1 0 0 0.487778 0 0.000131309 2
EndChar
