StartChar: uniE06A
Encoding: 57450 57450 89
Width: 1000
VWidth: 0
Flags: HW
LayerCount: 2
Fore
Refer: 16 57383 S 0.56686 0 0 1 43.314 0 2
Refer: 5 57364 N 0.486216 0 0 1 461.378 0 2
EndChar
