StartChar: uniE0CD
Encoding: 57549 57549 178
Width: 1000
VWidth: 0
Flags: HW
LayerCount: 2
Fore
Refer: 5 57364 S 0.438596 0 0 1 56.1404 0 2
Refer: 2 57363 N 0.4375 0 0 1.00025 506.25 0.000710987 2
Refer: 7 57367 N 1 0 0 1 0 0 2
Refer: 6 57366 N 1 0 0 1 0 500 2
EndChar
