StartChar: uniE064
Encoding: 57444 57444 53
Width: 1000
VWidth: 0
Flags: HW
LayerCount: 2
Fore
Refer: 15 57382 S 0.557143 0 0 1 44.2857 0 2
Refer: 5 57364 N 0.486216 0 0 1 461.378 0 2
EndChar
