StartChar: uniE093
Encoding: 57491 57491 70
Width: 1000
VWidth: 0
Flags: HW
LayerCount: 2
Fore
Refer: 21 57388 S 1 0 0 0.512344 0 390.125 2
Refer: 2 57363 N 1 0 0 0.487778 0 0.000131309 2
EndChar
