StartChar: uniE08F
Encoding: 57487 57487 126
Width: 1000
VWidth: 0
Flags: HW
LayerCount: 2
Fore
Refer: 23 57371 N 0.640625 0 0 1 35.9375 0 2
Refer: 1 57362 S 1 0 0 1 200 0 2
Refer: 2 57363 S 0.4875 0 0 1.00025 461.25 0.000710987 2
EndChar
