StartChar: uniE045
Encoding: 57413 57413 42
Width: 1000
VWidth: 0
Flags: HW
LayerCount: 2
Fore
Refer: 10 57378 S 1 0 0 0.513628 0 389.098 2
Refer: 1 57362 N 1 0 0 1 0 -200 2
Refer: 2 57363 N 1 0 0 0.487778 0 0.000131309 2
EndChar
