StartChar: uniE044
Encoding: 57412 57412 41
Width: 1000
VWidth: 0
Flags: HW
LayerCount: 2
Fore
Refer: 10 57378 S 1 0 0 0.513628 0 389.098 2
Refer: 5 57364 N 1 0 0 0.487656 0 0 2
EndChar
