StartChar: uniE06C
Encoding: 57452 57452 106
Width: 1000
VWidth: 0
Flags: HW
LayerCount: 2
Fore
Refer: 8 57368 N 1 0 0 0.4875 0 410 2
Refer: 2 57363 S 1 0 0 0.487778 0 0.000131309 2
EndChar
