StartChar: uniE04B
Encoding: 57419 57419 78
Width: 1000
VWidth: 0
Flags: HW
LayerCount: 2
Fore
Refer: 12 57379 S 0.4875 0 0 1 51.25 -4 2
Refer: 1 57362 N 1 0 0 1 200 0 2
Refer: 2 57363 N 0.4875 0 0 1.00025 461.25 0.000269265 2
EndChar
