StartChar: uniE033
Encoding: 57395 57395 28
Width: 1000
VWidth: 0
Flags: HW
LayerCount: 2
Fore
Refer: 9 57376 S 1 0 0 0.512344 1 390.125 2
Refer: 2 57363 N 1 0 0 0.487778 0 0.000131309 2
EndChar
