StartChar: uniE043
Encoding: 57411 57411 40
Width: 1000
VWidth: 0
Flags: HW
LayerCount: 2
Fore
Refer: 10 57378 S 1 0 0 0.513628 0 389.098 2
Refer: 2 57363 N 1 0 0 0.487778 0 0.000131309 2
EndChar
