StartChar: uniE040
Encoding: 57408 57408 37
Width: 1000
VWidth: 0
Flags: HW
LayerCount: 2
Fore
Refer: 10 57378 S 1 0 0 0.513628 0 389.098 2
Refer: 0 57360 N 1 0 0 0.487656 0 0 2
EndChar
