StartChar: uniE034
Encoding: 57396 57396 29
Width: 1000
VWidth: 0
Flags: HW
LayerCount: 2
Fore
Refer: 9 57376 S 1 0 0 0.512344 0 390.125 2
Refer: 5 57364 N 1 0 0 0.487656 0 0 2
EndChar
