StartChar: uniE0D5
Encoding: 57557 57557 166
Width: 1000
VWidth: 0
Flags: HW
LayerCount: 2
Fore
Refer: 1 57362 S 1 0 0 1 -230 0 2
Refer: 1 57362 N 1 0 0 1 230 0 2
Refer: 2 57363 N 0.4375 0 0 1.00025 506.25 0.000710987 2
Refer: 7 57367 N 1 0 0 1 0 0 2
Refer: 6 57366 N 1 0 0 1 0 500 2
EndChar
