StartChar: uniE06E
Encoding: 57454 57454 119
Width: 1000
VWidth: 0
Flags: HW
LayerCount: 2
Fore
Refer: 24 57370 S 0.47619 0 0 1 52.381 0 2
Refer: 2 57363 N 0.4875 0 0 1.00025 461.25 0.000710987 2
EndChar
