StartChar: uniE05A
Encoding: 57434 57434 83
Width: 1000
VWidth: 0
Flags: HW
LayerCount: 2
Fore
Refer: 14 57381 S 0.573529 0 0 1 42.6471 0 2
Refer: 5 57364 N 0.486216 0 0 1 461.378 0 2
EndChar
