StartChar: uniE0B3
Encoding: 57523 57523 138
Width: 1000
VWidth: 0
Flags: HW
LayerCount: 2
Fore
Refer: 2 57363 S 0.4875 0 0 1.00025 461.25 0.000710987 2
Refer: 1 57362 N 1 0 0 1 -250 0 2
Refer: 6 57366 N 1 0 0 1 0 500 2
EndChar
