StartChar: uniE0DC
Encoding: 57564 57564 181
Width: 1000
VWidth: 0
Flags: HW
LayerCount: 2
Fore
Refer: 5 57364 S 0.438596 0 0 1 56.1404 0 2
Refer: 5 57364 N 0.438596 0 0 1 506.14 0 2
Refer: 7 57367 N 1 0 0 1 0 0 2
Refer: 6 57366 N 1 0 0 1 0 500 2
EndChar
