StartChar: uniE059
Encoding: 57433 57433 82
Width: 1000
VWidth: 0
Flags: HW
LayerCount: 2
Fore
Refer: 14 57381 S 0.573529 0 0 1 42.6471 0 2
Refer: 2 57363 N 0.4875 0 0 1.00207 461.25 -1.45481 2
EndChar
