StartChar: uniE07E
Encoding: 57470 57470 122
Width: 1000
VWidth: 0
Flags: HW
LayerCount: 2
Fore
Refer: 24 57370 S 0.47619 0 0 1 52.381 0 2
Refer: 5 57364 N 0.486216 0 0 1 461.378 0 2
EndChar
