StartChar: uniE0DA
Encoding: 57562 57562 171
Width: 1000
VWidth: 0
Flags: HW
LayerCount: 2
Fore
Refer: 2 57363 S 0.4375 0 0 1.00025 56.25 0.000710987 2
Refer: 5 57364 N 0.438596 0 0 1 506.14 0 2
Refer: 7 57367 N 1 0 0 1 0 0 2
Refer: 6 57366 N 1 0 0 1 0 500 2
EndChar
