StartChar: uniE06B
Encoding: 57451 57451 90
Width: 1000
VWidth: 0
Flags: HW
LayerCount: 2
Fore
Refer: 16 57383 S 0.56686 0 0 1 43.314 0 2
Refer: 1 57362 N 1 0 0 1 200 0 2
Refer: 2 57363 N 0.4875 0 0 1.00025 461.25 0.000269265 2
EndChar
