StartChar: uniE053
Encoding: 57427 57427 46
Width: 1000
VWidth: 0
Flags: HW
LayerCount: 2
Fore
Refer: 13 57380 S 0.4875 0 0 1 51.25 0 2
Refer: 2 57363 N 0.4875 0 0 1.00207 461.25 -1.45481 2
EndChar
