StartChar: uniE039
Encoding: 57401 57401 34
Width: 1000
VWidth: 0
Flags: HW
LayerCount: 2
Fore
Refer: 11 57377 S 1 0 0 0.525481 0 379.615 2
Refer: 2 57363 N 1 0 0 0.487778 0 0.000131309 2
EndChar
