StartChar: uniE037
Encoding: 57399 57399 32
Width: 1000
VWidth: 0
Flags: HW
LayerCount: 2
Fore
Refer: 11 57377 S 1 0 0 0.525481 0 379.615 2
Refer: 1 57362 N 1 0 0 1 0 -260 2
Refer: 0 57360 N 1 0 0 0.487656 0 0 2
EndChar
