StartChar: uniE0B5
Encoding: 57525 57525 142
Width: 1000
VWidth: 0
Flags: HW
LayerCount: 2
Fore
Refer: 1 57362 S 1 0 0 1 200 0 2
Refer: 2 57363 S 0.4875 0 0 1.00025 461.25 0.000710987 2
Refer: 1 57362 N 1 0 0 1 -250 0 2
Refer: 6 57366 N 1 0 0 1 0 500 2
EndChar
