StartChar: uniE03A
Encoding: 57402 57402 35
Width: 1000
VWidth: 0
Flags: HW
LayerCount: 2
Fore
Refer: 11 57377 S 1 0 0 0.525481 0 379.615 2
Refer: 5 57364 N 1 0 0 0.487656 0 0 2
EndChar
