StartChar: uniE031
Encoding: 57393 57393 26
Width: 1000
VWidth: 0
Flags: HW
LayerCount: 2
Fore
Refer: 9 57376 S 1 0 0 0.512344 0 390.125 2
Refer: 1 57362 N 1 0 0 1 0 -260 2
Refer: 0 57360 N 1 0 0 0.487656 0 0 2
EndChar
