StartChar: uniE063
Encoding: 57443 57443 52
Width: 1000
VWidth: 0
Flags: HW
LayerCount: 2
Fore
Refer: 15 57382 S 0.557143 0 0 1 44.2857 0 2
Refer: 2 57363 N 0.4875 0 0 1.00207 461.25 -1.45481 2
EndChar
